#
#"Run ID"	"S2,1 [Re]"	"S2,1 [Im]"
#--------------------------------
1.0000000000000	0.99511965737644	-0.0041924592635671
2.0000000000000	0.99350559147895	-0.0045749411512816
3.0000000000000	0.99145427099138	-0.0045658392779175
4.0000000000000	0.98904612272241	-0.0038045544820585
5.0000000000000	0.98671021704269	-0.0019711332235134
6.0000000000000	0.98514523782377	0.00092116028760118
7.0000000000000	0.98492668246509	0.0042261750332923
8.0000000000000	0.98596755529115	0.0071041496416703
9.0000000000000	0.98767439858621	0.0090745736147865
10.000000000000	0.98948337743682	0.010182699366613
11.000000000000	0.99110036638097	0.010689874370319
12.000000000000	0.99254985130788	-0.0081644383246238
13.000000000000	0.99016891305447	-0.0088029145911876
14.000000000000	0.98707188210087	-0.0088832347243711
15.000000000000	0.98340876637032	-0.0078818353194647
16.000000000000	0.97974930356897	-0.0052755400367321
17.000000000000	0.97713818900327	-0.0010308567391915
18.000000000000	0.97649573288363	0.0040086816538391
19.000000000000	0.97784297710455	0.0085389375311624
20.000000000000	0.98034773653346	0.011760187514356
21.000000000000	0.98312514825129	0.013645627273853
22.000000000000	0.98565768843720	0.014535561081049
23.000000000000	0.98937563724769	-0.013012067495586
24.000000000000	0.98596835760494	-0.013927345735052
25.000000000000	0.98161838175601	-0.014025206671117
26.000000000000	0.97648664330798	-0.012615210204302
27.000000000000	0.97136645853667	-0.0089863135627198
28.000000000000	0.96767725001127	-0.0030638595878747
29.000000000000	0.96672771115682	0.0039775882434963
30.000000000000	0.96854757153750	0.010350177790981
31.000000000000	0.97201631264523	0.014927907905745
32.000000000000	0.97589385893816	0.017641858688112
33.000000000000	0.97948269300794	0.018968686609435
34.000000000000	0.98586956620330	-0.018473650518229
35.000000000000	0.98137307224027	-0.019718576892383
36.000000000000	0.97564972463687	-0.019928960411907
37.000000000000	0.96890782777554	-0.018213739318675
38.000000000000	0.96206895343437	-0.013657055102006
39.000000000000	0.95696159522641	-0.0060980407651656
40.000000000000	0.95528680898737	0.0031335746593491
41.000000000000	0.95729094345029	0.011734092377027
42.000000000000	0.96164829619473	0.018111174169854
43.000000000000	0.96675347470866	0.022027412328133
44.000000000000	0.97156714584469	0.024029013852459
45.000000000000	0.98214518215774	-0.024448527066889
46.000000000000	0.97660304838782	-0.026079495462037
47.000000000000	0.96950981755317	-0.026499456462874
48.000000000000	0.96109363300674	-0.024650261245414
49.000000000000	0.95239978887765	-0.019390393849384
50.000000000000	0.94551709763698	-0.010335984843413
51.000000000000	0.94266474168341	0.0011192548346495
52.000000000000	0.94448466446375	0.012220108257163
53.000000000000	0.94954869629922	0.020827659163135
54.000000000000	0.95587210141925	0.026345362067181
55.000000000000	0.96204558940005	0.029342488924585
56.000000000000	0.97848965622233	-0.030914546645384
57.000000000000	0.97200646779911	-0.033000759262248
58.000000000000	0.96369936006932	-0.033828422309222
59.000000000000	0.95366739404095	-0.032211103711963
60.000000000000	0.94294798164865	-0.026747721121032
61.000000000000	0.93378158601068	-0.016689030026670
62.000000000000	0.92890690963468	-0.0031482371170561
63.000000000000	0.92966162763773	0.010822045734632
64.000000000000	0.93491731066961	0.022309247040621
65.000000000000	0.94233124779957	0.030143513302887
66.000000000000	0.94999032057271	0.034695775494612
67.000000000000	0.97381476215218	-0.037922907228540
68.000000000000	0.96604525447028	-0.040403406900480
69.000000000000	0.95612044622527	-0.041350184744528
70.000000000000	0.94423764607338	-0.039384320023026
71.000000000000	0.93159624346487	-0.032999557974399
72.000000000000	0.92072018855922	-0.021347802518888
73.000000000000	0.91466533081778	-0.0056076753507819
74.000000000000	0.91505447943802	0.010882909562137
75.000000000000	0.92079036000306	0.024744172220869
76.000000000000	0.92928551524699	0.034454314485272
77.000000000000	0.93827308562246	0.040290722820279
78.000000000000	0.96989509882804	-0.045180882515141
79.000000000000	0.96118973573222	-0.048191705431623
80.000000000000	0.95009187683869	-0.049666838723472
81.000000000000	0.93668333785525	-0.048173092339725
82.000000000000	0.92200402869039	-0.041953574186507
83.000000000000	0.90858685904527	-0.029795756693386
84.000000000000	0.89990127965480	-0.012474792024825
85.000000000000	0.89830257080766	0.0067681216696587
86.000000000000	0.90333140756434	0.023959871409340
87.000000000000	0.91238814499862	0.036751691171240
88.000000000000	0.92273145911971	0.044955845269210
89.000000000000	0.96542693265908	-0.052723407392102
90.000000000000	0.95564914935298	-0.056216483796980
91.000000000000	0.94322352250352	-0.058056082690080
92.000000000000	0.92819427434638	-0.056733460202624
93.000000000000	0.91159523247601	-0.050350324573333
94.000000000000	0.89600543792280	-0.037494335899043
95.000000000000	0.88512565450782	-0.018641820216467
96.000000000000	0.88182189998003	0.0030137847275772
97.000000000000	0.88613902629274	0.023155902416229
98.000000000000	0.89554807723945	0.038784227573432
99.000000000000	0.90698652958535	0.049271330183297
100.00000000000	0.96072759500371	-0.060422603165660
101.00000000000	0.94990838309672	-0.064334319057105
102.00000000000	0.93620780431227	-0.066504316467152
103.00000000000	0.91967829424647	-0.065339398262807
104.00000000000	0.90131864052790	-0.058860652275159
105.00000000000	0.88370187913047	-0.045471212458648
106.00000000000	0.87065891944286	-0.025404446783785
107.00000000000	0.86548554840837	-0.0016398215595114
108.00000000000	0.86871336528057	0.021247826176784
109.00000000000	0.87808149732837	0.039756101992317
110.00000000000	0.89033390455961	0.052714087388199
111.00000000000	0.95608420987283	-0.068333290502507
112.00000000000	0.94421214650264	-0.072669740608501
113.00000000000	0.92929239553860	-0.075192777252105
114.00000000000	0.91133489535652	-0.074262324362157
115.00000000000	0.89128859960184	-0.067830935199123
116.00000000000	0.87167554515050	-0.054150012730593
117.00000000000	0.85638148320210	-0.033174907409914
118.00000000000	0.84902513678408	-0.0076312466307216
119.00000000000	0.85073367201671	0.017873922970617
120.00000000000	0.85959281230376	0.039325853949514
121.00000000000	0.87229958105728	0.055016025866188
122.00000000000	0.95118979353231	-0.076430606002753
123.00000000000	0.93823865114151	-0.081243760755793
124.00000000000	0.92205691473098	-0.084115546269301
125.00000000000	0.90261907542120	-0.083381372572872
126.00000000000	0.88085975605066	-0.076922543279904
127.00000000000	0.85927479518192	-0.062863195154503
128.00000000000	0.84181979394960	-0.040946161530219
129.00000000000	0.83237276461941	-0.013591875032896
130.00000000000	0.83259913433652	0.014433623695523
131.00000000000	0.84091186242972	0.038755367561019
132.00000000000	0.85398869959199	0.057152096348927
133.00000000000	0.94637696039080	-0.084273226852003
134.00000000000	0.93245977650326	-0.089469553427674
135.00000000000	0.91519448444437	-0.092640871214527
136.00000000000	0.89449919327088	-0.092113294909755
137.00000000000	0.87129053500099	-0.085738808318658
138.00000000000	0.84799162084147	-0.071543730198900
139.00000000000	0.82852344762760	-0.049087104277665
140.00000000000	0.81696774138280	-0.020584736390651
141.00000000000	0.81535008097999	0.0094656840113124
142.00000000000	0.82257705123109	0.036403726523524
143.00000000000	0.83547884595086	0.057489488905349
144.00000000000	0.94166531257580	-0.092173547835858
145.00000000000	0.92679064039198	-0.097788060177788
146.00000000000	0.90839748338617	-0.10130860894805
147.00000000000	0.88640954427406	-0.10101853183556
148.00000000000	0.86170901072382	-0.094732354082395
149.00000000000	0.83669535592771	-0.080430664845743
150.00000000000	0.81525213829364	-0.057471216048573
151.00000000000	0.80159084104876	-0.027810509801295
152.00000000000	0.79812556937115	0.0041533449814063
153.00000000000	0.80417113864717	0.033590159957456
154.00000000000	0.81675690530075	0.057353798562435
155.00000000000	0.93711893531621	-0.099956151491512
156.00000000000	0.92137853788648	-0.10596816784611
157.00000000000	0.90199552547939	-0.10984033160946
158.00000000000	0.87886882070982	-0.10985053043871
159.00000000000	0.85284765275178	-0.10379836765385
160.00000000000	0.82622276752962	-0.089587954750141
161.00000000000	0.80278912020403	-0.066364229228570
162.00000000000	0.78693702412165	-0.035854146616197
163.00000000000	0.78138584847391	-0.0022268530099657
164.00000000000	0.78594720040945	0.029556683977370
165.00000000000	0.79787331703076	0.055956199417730
166.00000000000	0.93269880827117	-0.10765027440539
167.00000000000	0.91624958403613	-0.11404371701940
168.00000000000	0.89597553422957	-0.11830995712057
169.00000000000	0.87179180594563	-0.11869490784657
170.00000000000	0.84449791414531	-0.11298656782223
171.00000000000	0.81629134370223	-0.099019215142301
172.00000000000	0.79093146875581	-0.075789513397360
173.00000000000	0.77279521413468	-0.044665676666751
174.00000000000	0.76498481781139	-0.0096038946656535
175.00000000000	0.76775559643642	0.024397114360140
176.00000000000	0.77870376607690	0.053419152570349
177.00000000000	0.92839253783597	-0.11485216445480
178.00000000000	0.91085237251188	-0.12166565671660
179.00000000000	0.88932892844860	-0.12618753674769
180.00000000000	0.86374602768648	-0.12661276993369
181.00000000000	0.83493714088878	-0.12065550524211
182.00000000000	0.80514883550434	-0.10606777060595
183.00000000000	0.77829441146033	-0.081813984556325
184.00000000000	0.75889270325103	-0.049318740724239
185.00000000000	0.75015877432342	-0.012618008062075
186.00000000000	0.75242104931988	0.023173101566663
187.00000000000	0.76329369933595	0.053949433012736
