        Run ID                curve2_Int_e-field (f=9) (1)_1/real
----------------------------------------------------------------------
                       1                      -1.4009629
                       2                      -1.4744253
                       3                      -1.5511161
                       4                      -1.6325268
                       5                      -1.7189998
                       6                      -1.8107579
                       7                      -1.9079585
                       8                      -2.0106179
                       9                      -2.1187099
                      10                      -2.2319175
                      11                      -2.3504516
                      12                      -2.4732848
                      13                      -2.5995919
                      14                      -2.7285688
                      15                      -2.8587095
                      16                      -2.9877842
                      17                      -3.1138478
                      18                      -3.2339032
                      19                      -3.3451173
                      20                      -3.4440165
                      21                      -3.5272469
                      22                      -3.5912935
                      23                      -3.6333966
                      24                      -3.6512271
                      25                      -3.6394402
                      26                      -3.6050875
                      27                      -3.5454688
                      28                      -3.4626126
                      29                      -3.3586567
                      30                       -3.239598
                      31                      -3.1043503
                      32                      -2.9590984
                      33                      -2.8063432
                      34                      -2.6523937
                      35                      -2.4987452
                      36                      -2.3474895
                      37                      -2.2015506
                      38                      -2.0612513
                      39                      -1.9277254
                      40                       -1.801287
                      41                      -1.6865506
                      42                      -1.6151803
                      43                      -1.7177225
                      44                      -1.8059414
                      45                      -1.8993419
                      46                      -1.9989217
                      47                       -2.104809
                      48                      -2.2172521
                      49                      -2.3363802
                      50                      -2.4622517
                      51                      -2.5948069
                      52                      -2.7338306
                      53                      -2.8789067
                      54                      -3.0293604
                      55                      -3.1842081
                      56                      -3.3418862
                      57                      -3.5008696
                      58                      -3.6589358
                      59                      -3.8127107
                      60                      -3.9597061
                      61                      -4.0953728
                      62                       -4.216671
                      63                      -4.3185537
                      64                      -4.3976014
                      65                      -4.4498809
                      66                      -4.4728758
                      67                      -4.4647727
                      68                      -4.4250383
                      69                      -4.3544457
                      70                      -4.2552351
                      71                      -4.1305238
                      72                      -3.9843284
                      73                      -3.8202857
                      74                       -3.644635
                      75                      -3.4619179
                      76                       -3.274839
                      77                      -3.0871177
                      78                      -2.9022022
                      79                      -2.7229741
                      80                      -2.5509868
                      81                      -2.3866278
                      82                      -2.2326022
                      83                      -2.0906277
                      84                      -2.0111043
                      85                        -2.02652
                      86                      -2.1301472
                      87                      -2.2405375
                      88                      -2.3573979
                      89                      -2.4817783
                      90                      -2.6139307
                      91                      -2.7540337
                      92                      -2.9022178
                      93                        -3.05843
                      94                      -3.2222614
                      95                      -3.3930408
                      96                      -3.5700715
                      97                      -3.7522367
                      98                      -3.9379028
                      99                      -4.1227169
                     100                      -4.3086252
                     101                      -4.4917935
                     102                      -4.6648433
                     103                      -4.8251035
                     104                      -4.9685382
                     105                      -5.0901417
                     106                       -5.185182
                     107                      -5.2493822
                     108                      -5.2797336
                     109                      -5.2740258
                     110                      -5.2314441
                     111                      -5.1529328
                     112                      -5.0403088
                     113                      -4.8977661
                     114                      -4.7294925
                     115                      -4.5408447
                     116                      -4.3372171
                     117                      -4.1237703
                     118                      -3.9054268
                     119                      -3.6864301
                     120                       -3.470344
                     121                      -3.2601081
                     122                      -3.0570402
                     123                       -2.864363
                     124                      -2.6836631
                     125                      -2.5126468
                     126                      -2.4695715
                     127                      -2.3134602
                     128                       -2.432591
                     129                      -2.5574755
                     130                      -2.6894061
                     131                      -2.8299347
                     132                      -2.9790303
                     133                      -3.1367693
                     134                      -3.3033582
                     135                      -3.4789757
                     136                      -3.6634016
                     137                      -3.8559175
                     138                      -4.0556559
                     139                       -4.261804
                     140                      -4.4726779
                     141                      -4.6856856
                     142                       -4.898247
                     143                      -5.1070535
                     144                      -5.3077164
                     145                      -5.4952616
                     146                      -5.6657659
                     147                      -5.8130407
                     148                      -5.9320557
                     149                      -6.0178365
                     150                      -6.0661654
                     151                      -6.0745398
                     152                      -6.0414276
                     153                      -5.9671115
                     154                       -5.853774
                     155                      -5.7047465
                     156                      -5.5233213
                     157                       -5.317795
                     158                      -5.0929314
                     159                      -4.8547792
                     160                      -4.6088086
                     161                      -4.3602481
                     162                      -4.1131063
                     163                      -3.8708089
                     164                      -3.6352887
                     165                      -3.4094293
                     166                      -3.1980968
                     167                      -2.9995338
                     168                      -2.9065256
                     169                      -2.6063132
                     170                      -2.7394428
                     171                      -2.8804014
                     172                      -3.0291811
                     173                      -3.1867013
                     174                      -3.3535362
                     175                      -3.5300372
                     176                      -3.7163843
                     177                      -3.9125816
                     178                      -4.1184067
                     179                      -4.3333515
                     180                      -4.5565798
                     181                      -4.7896101
                     182                      -5.0255054
                     183                      -5.2643873
                     184                        -5.50346
                     185                      -5.7387442
                     186                      -5.9660764
                     187                      -6.1803012
                     188                      -6.3754758
                     189                      -6.5460465
                     190                      -6.6859407
                     191                      -6.7895486
                     192                      -6.8527799
                     193                      -6.8708183
                     194                      -6.8430153
                     195                      -6.7696031
                     196                      -6.6521269
                     197                      -6.4940683
                     198                      -6.2995436
                     199                      -6.0765717
                     200                      -5.8293758
                     201                      -5.5657691
                     202                       -5.292346
                     203                      -5.0135396
                     204                      -4.7350564
                     205                      -4.4632998
                     206                      -4.1973806
                     207                      -3.9434509
                     208                      -3.7022602
                     209                      -3.4769318
                     210                       -3.437699
                     211                      -2.8971445
                     212                      -3.0396346
                     213                      -3.1930849
                     214                      -3.3557992
                     215                      -3.5283446
                     216                      -3.7111164
                     217                      -3.9049744
                     218                      -4.1095762
                     219                      -4.3249608
                     220                      -4.5509634
                     221                       -4.786843
                     222                      -5.0320947
                     223                      -5.2853423
                     224                      -5.5447105
                     225                      -5.8075044
                     226                      -6.0705548
                     227                      -6.3301223
                     228                      -6.5813977
                     229                      -6.8187215
                     230                      -7.0369022
                     231                      -7.2292414
                     232                      -7.3891643
                     233                      -7.5113873
                     234                      -7.5902992
                     235                       -7.621875
                     236                         -7.6021
                     237                      -7.5339718
                     238                      -7.4171575
                     239                      -7.2553311
                     240                      -7.0537964
                     241                      -6.8181988
                     242                      -6.5557183
                     243                      -6.2740427
                     244                      -5.9785946
                     245                      -5.6764309
                     246                      -5.3725547
                     247                       -5.072428
                     248                      -4.7795147
                     249                      -4.4981954
                     250                      -4.2301802
                     251                      -3.9801742
                     252                      -3.9477943
                     253                      -3.1684139
                     254                      -3.3247913
                     255                      -3.4926315
                     256                      -3.6693258
                     257                      -3.8564553
                     258                      -4.0536419
                     259                       -4.262572
                     260                      -4.4830782
                     261                      -4.7158805
                     262                      -4.9628556
                     263                      -5.2188015
                     264                      -5.4846639
                     265                      -5.7592057
                     266                      -6.0407885
                     267                      -6.3262389
                     268                       -6.613415
                     269                      -6.8967271
                     270                      -7.1727597
                     271                      -7.4345992
                     272                      -7.6772738
                     273                      -7.8928763
                     274                      -8.0759166
                     275                      -8.2191032
                     276                      -8.3166697
                     277                      -8.3642317
                     278                      -8.3590128
                     279                      -8.2999202
                     280                      -8.1883938
                     281                      -8.0269666
                     282                      -7.8209504
                     283                        -7.57691
                     284                      -7.2999944
                     285                      -7.0000927
                     286                       -6.683964
                     287                      -6.3585253
                     288                      -6.0300223
                     289                      -5.7035179
                     290                      -5.3843312
                     291                       -5.074721
                     292                      -4.7790911
                     293                      -4.5039272
                     294                      -4.4867248
                     295                      -3.4239113
                     296                      -3.5885288
                     297                      -3.7663954
                     298                      -3.9549374
                     299                      -4.1548581
                     300                      -4.3664624
                     301                      -4.5900106
                     302                      -4.8260181
                     303                      -5.0745755
                     304                      -5.3352604
                     305                      -5.6121468
                     306                      -5.8957584
                     307                      -6.1891481
                     308                      -6.4899652
                     309                       -6.796359
                     310                      -7.1048426
                     311                      -7.4112696
                     312                       -7.710802
                     313                      -7.9978382
                     314                      -8.2659077
                     315                      -8.5085573
                     316                      -8.7186504
                     317                      -8.8887153
                     318                      -9.0128019
                     319                      -9.0854486
                     320                      -9.1032306
                     321                      -9.0617322
                     322                      -8.9659854
                     323                      -8.8164767
                     324                      -8.6169415
                     325                      -8.3737045
                     326                      -8.0942364
                     327                      -7.7857243
                     328                      -7.4563288
                     329                      -7.1144837
                     330                      -6.7653672
                     331                      -6.4171177
                     332                      -6.0727911
                     333                      -5.7373839
                     334                      -5.4133281
                     335                      -5.1070886
                     336                      -5.0515302
                     337                       -3.671861
                     338                        -3.84776
                     339                      -4.0386174
                     340                       -4.239861
                     341                      -4.4524602
                     342                      -4.6771471
                     343                      -4.9144234
                     344                       -5.164608
                     345                      -5.4278191
                     346                      -5.7039315
                     347                      -5.9925246
                     348                      -6.2926656
                     349                      -6.6027216
                     350                       -6.921872
                     351                      -7.2475561
                     352                      -7.5758383
                     353                      -7.9026283
                     354                      -8.2236031
                     355                      -8.5358825
                     356                      -8.8276382
                     357                      -9.0941339
                     358                      -9.3293957
                     359                      -9.5234841
                     360                      -9.6716031
                     361                      -9.7675517
                     362                      -9.8068985
                     363                      -9.7875018
                     364                      -9.7087766
                     365                      -9.5723323
                     366                      -9.3820606
                     367                      -9.1436679
                     368                      -8.8639448
                     369                      -8.5499923
                     370                      -8.2112015
                     371                       -7.855317
                     372                      -7.4895196
                     373                      -7.1213373
                     374                      -6.7553376
                     375                      -6.3977037
                     376                      -6.0501568
                     377                      -5.7197545
                     378                      -5.7437633
                     379                      -3.9278115
                     380                      -4.1155482
                     381                      -4.3167451
                     382                      -4.5288011
                     383                      -4.7528466
                     384                      -4.9900642
                     385                      -5.2401832
                     386                      -5.5038553
                     387                      -5.7811764
                     388                      -6.0720197
                     389                      -6.3767853
                     390                      -6.6927024
                     391                       -7.020125
                     392                      -7.3570596
                     393                      -7.7004965
                     394                      -8.0474954
                     395                      -8.3943677
                     396                      -8.7362011
                     397                        -9.06678
                     398                      -9.3804344
                     399                       -9.670557
                     400                      -9.9278313
                     401                      -10.145864
                     402                      -10.317185
                     403                      -10.435952
                     404                      -10.497918
                     405                      -10.498398
                     406                      -10.437023
                     407                      -10.315078
                     408                      -10.134966
                     409                        -9.90272
                     410                      -9.6245962
                     411                      -9.3084056
                     412                      -8.9656409
                     413                      -8.5989393
                     414                      -8.2188131
                     415                      -7.8322589
                     416                      -7.4466875
                     417                      -7.0661111
                     418                      -6.6962179
                     419                      -6.3507669
                     420                      -6.3380748
                     421                      -4.1499586
                     422                      -4.3523381
                     423                      -4.5649878
                     424                      -4.7882762
                     425                      -5.0236103
                     426                      -5.2719049
                     427                       -5.533798
                     428                      -5.8096647
                     429                      -6.0996666
                     430                      -6.4037757
                     431                      -6.7213525
                     432                        -7.05158
                     433                      -7.3937329
                     434                      -7.7467009
                     435                      -8.1063434
                     436                      -8.4705768
                     437                       -8.836003
                     438                      -9.1960524
                     439                      -9.5478181
                     440                       -9.882151
                     441                      -10.194671
                     442                      -10.475061
                     443                      -10.717313
                     444                       -10.91358
                     445                      -11.057104
                     446                       -11.14263
                     447                      -11.167408
                     448                      -11.127536
                     449                      -11.024385
                     450                      -10.860508
                     451                      -10.640446
                     452                      -10.369612
                     453                      -10.057752
                     454                      -9.7109527
                     455                      -9.3391255
                     456                       -8.950462
                     457                      -8.5517697
                     458                       -8.151391
                     459                      -7.7525005
                     460                      -7.3629442
                     461                      -6.9913083
                     462                      -7.0173614
                     463                      -4.3699335
                     464                      -4.5749403
                     465                       -4.794321
                     466                      -5.0251691
                     467                      -5.2688671
                     468                      -5.5259075
                     469                       -5.796576
                     470                      -6.0823894
                     471                      -6.3819953
                     472                      -6.6963685
                     473                      -7.0245082
                     474                      -7.3667674
                     475                      -7.7207079
                     476                      -8.0856977
                     477                      -8.4595877
                     478                      -8.8390884
                     479                      -9.2199518
                     480                       -9.598575
                     481                      -9.9697887
                     482                      -10.326806
                     483                       -10.66188
                     484                      -10.969296
                     485                      -11.240119
                     486                      -11.466432
                     487                      -11.642169
                     488                      -11.761297
                     489                      -11.818712
                     490                      -11.810025
                     491                      -11.738165
                     492                      -11.602414
                     493                      -11.408363
                     494                      -11.158408
                     495                      -10.861104
                     496                      -10.523954
                     497                      -10.155593
                     498                      -9.7648954
                     499                      -9.3583983
                     500                      -8.9450755
                     501                      -8.5313524
                     502                      -8.1246442
                     503                      -7.7378265
                     504                      -7.7731585
                     505                      -4.5875267
                     506                      -4.8016205
                     507                      -5.0294783
                     508                      -5.2691502
                     509                      -5.5214868
                     510                      -5.7873196
                     511                      -6.0674939
                     512                      -6.3617627
                     513                      -6.6706583
                     514                       -6.994846
                     515                      -7.3332025
                     516                      -7.6854393
                     517                      -8.0500898
                     518                      -8.4265477
                     519                      -8.8120973
                     520                      -9.2041072
                     521                      -9.5990614
                     522                      -9.9914399
                     523                      -10.378822
                     524                      -10.752696
                     525                      -11.107237
                     526                      -11.434821
                     527                      -11.727891
                     528                      -11.978764
                     529                      -12.180507
                     530                       -12.32644
                     531                      -12.412414
                     532                      -12.433182
                     533                      -12.388192
                     534                      -12.278273
                     535                      -12.105749
                     536                      -11.875273
                     537                      -11.593784
                     538                      -11.268757
                     539                      -10.908583
                     540                       -10.52058
                     541                      -10.113815
                     542                      -9.6913131
                     543                       -9.257996
                     544                      -8.8371876
                     545                      -8.4242238
                     546                      -8.4011636
                     547                      -4.8023398
                     548                      -5.0210992
                     549                      -5.2555115
                     550                      -5.5021955
                     551                      -5.7620682
                     552                      -6.0358588
                     553                      -6.3241482
                     554                      -6.6272673
                     555                      -6.9459004
                     556                      -7.2796346
                     557                      -7.6279329
                     558                      -7.9902218
                     559                      -8.3665404
                     560                      -8.7547795
                     561                      -9.1523004
                     562                      -9.5571141
                     563                      -9.9664547
                     564                      -10.374939
                     565                      -10.777725
                     566                       -11.17195
                     567                      -11.545924
                     568                      -11.895382
                     569                      -12.213598
                     570                       -12.48998
                     571                      -12.718374
                     572                      -12.892123
                     573                      -13.006104
                     574                      -13.055874
                     575                      -13.038633
                     576                      -12.955343
                     577                      -12.807595
                     578                      -12.599313
                     579                       -12.33602
                     580                      -12.024938
                     581                      -11.673159
                     582                      -11.289687
                     583                      -10.884383
                     584                      -10.462839
                     585                      -10.033481
                     586                      -9.6055077
                     587                      -9.1824315
                     588                      -9.2180353
                     589                      -5.0103507
                     590                      -5.2374078
                     591                      -5.4792164
                     592                      -5.7344985
                     593                      -6.0020795
                     594                      -6.2842852
                     595                      -6.5766248
                     596                      -6.8889109
                     597                      -7.2161391
                     598                      -7.5592604
                     599                       -7.916985
                     600                       -8.289133
                     601                      -8.6755748
                     602                      -9.0738368
                     603                      -9.4816128
                     604                      -9.8985197
                     605                      -10.318887
                     606                      -10.741292
                     607                      -11.157853
                     608                      -11.563588
                     609                      -11.953039
                     610                      -12.318175
                     611                      -12.652913
                     612                      -12.950706
                     613                      -13.200629
                     614                       -13.39694
                     615                      -13.534519
                     616                      -13.608457
                     617                      -13.616342
                     618                       -13.55706
                     619                        -13.4324
                     620                       -13.24474
                     621                      -12.999605
                     622                      -12.704803
                     623                      -12.365144
                     624                      -11.990432
                     625                      -11.588001
                     626                      -11.166867
                     627                      -10.734797
                     628                      -10.299777
                     629                      -9.8658172
                     630                       -9.940155
                     631                      -5.1741365
                     632                      -5.4129935
                     633                      -5.6608969
                     634                      -5.9202675
                     635                       -6.192714
                     636                      -6.4791319
                     637                      -6.7805901
                     638                      -7.0974975
                     639                      -7.4295534
                     640                      -7.7767635
                     641                      -8.1387463
                     642                      -8.5166978
                     643                      -8.9084024
                     644                      -9.3120806
                     645                      -9.7273906
                     646                      -10.151659
                     647                      -10.580475
                     648                       -11.01193
                     649                      -11.440375
                     650                        -11.8608
                     651                      -12.267429
                     652                      -12.653189
                     653                      -13.012873
                     654                      -13.335904
                     655                       -13.61632
                     656                      -13.846528
                     657                      -14.020473
                     658                      -14.133175
                     659                       -14.18149
                     660                      -14.161392
                     661                      -14.076155
                     662                      -13.926462
                     663                      -13.716166
                     664                      -13.451114
                     665                      -13.137786
                     666                      -12.783899
                     667                      -12.398294
                     668                      -11.989037
                     669                      -11.562016
                     670                      -11.127691
                     671                      -10.692606
                     672                      -10.731646
                     673                      -5.3551541
                     674                      -5.5917462
                     675                      -5.8424487
                     676                      -6.1059039
                     677                      -6.3813567
                     678                      -6.6715458
                     679                      -6.9770488
                     680                      -7.2971397
                     681                      -7.6321173
                     682                       -7.983126
                     683                      -8.3493761
                     684                      -8.7302551
                     685                      -9.1248391
                     686                      -9.5332973
                     687                      -9.9539417
                     688                       -10.38338
                     689                      -10.819527
                     690                      -11.258482
                     691                      -11.696504
                     692                      -12.128027
                     693                      -12.548414
                     694                       -12.95042
                     695                       -13.32772
                     696                       -13.67299
                     697                      -13.979164
                     698                      -14.238955
                     699                      -14.445957
                     700                      -14.594647
                     701                      -14.681687
                     702                      -14.702716
                     703                      -14.657748
                     704                      -14.547638
                     705                      -14.375333
                     706                      -14.145365
                     707                      -13.864053
                     708                      -13.537994
                     709                      -13.174828
                     710                      -12.783814
                     711                      -12.371223
                     712                      -11.945206
                     713                      -11.521583
                     714                      -11.480609
                     715                      -5.5392754
                     716                      -5.7819735
                     717                      -6.0385527
                     718                      -6.3073741
                     719                      -6.5895543
                     720                      -6.8856946
                     721                      -7.1967514
                     722                      -7.5225601
                     723                      -7.8635306
                     724                      -8.2203717
                     725                       -8.593012
                     726                      -8.9801297
                     727                      -9.3813743
                     728                      -9.7956424
                     729                      -10.221324
                     730                      -10.656104
                     731                      -11.098778
                     732                      -11.544556
                     733                      -11.988823
                     734                      -12.430463
                     735                      -12.860399
                     736                      -13.274678
                     737                       -13.66557
                     738                      -14.026702
                     739                      -14.351134
                     740                      -14.631273
                     741                      -14.860927
                     742                      -15.034595
                     743                      -15.147593
                     744                      -15.197413
                     745                      -15.181726
                     746                      -15.101265
                     747                      -14.957733
                     748                      -14.755374
                     749                       -14.49954
                     750                      -14.195876
                     751                      -13.852557
                     752                      -13.476714
                     753                      -13.076274
                     754                      -12.658326
                     755                      -12.236725
                     756                      -12.226414
                     757                      -5.6724452
                     758                      -5.9253924
                     759                      -6.1844718
                     760                      -6.4552074
                     761                      -6.7390724
                     762                       -7.036942
                     763                      -7.3494114
                     764                       -7.676905
                     765                      -8.0197147
                     766                      -8.3778169
                     767                      -8.7510851
                     768                      -9.1396102
                     769                      -9.5424521
                     770                      -9.9590714
                     771                       -10.38748
                     772                      -10.825684
                     773                      -11.270959
                     774                      -11.722259
                     775                      -12.174554
                     776                      -12.624053
                     777                      -13.064844
                     778                      -13.492817
                     779                      -13.900923
                     780                      -14.282088
                     781                      -14.630941
                     782                      -14.940293
                     783                      -15.202074
                     784                      -15.411837
                     785                      -15.564343
                     786                      -15.655529
                     787                      -15.683787
                     788                      -15.647647
                     789                      -15.548295
                     790                      -15.388488
                     791                      -15.172353
                     792                      -14.904946
                     793                      -14.593984
                     794                      -14.246056
                     795                      -13.869088
                     796                      -13.470006
                     797                      -13.062892
                     798                      -13.016202
                     799                      -5.8366184
                     800                      -6.0867947
                     801                       -6.348977
                     802                      -6.6232161
                     803                      -6.9105513
                     804                      -7.2117991
                     805                      -7.5275514
                     806                      -7.8582334
                     807                      -8.2053833
                     808                      -8.5666355
                     809                      -8.9431809
                     810                      -9.3347525
                     811                      -9.7404838
                     812                      -10.159421
                     813                      -10.591732
                     814                      -11.033795
                     815                      -11.484169
                     816                      -11.940883
                     817                       -12.39897
                     818                      -12.856048
                     819                      -13.305942
                     820                      -13.744493
                     821                       -14.16628
                     822                      -14.563623
                     823                      -14.930698
                     824                      -15.261773
                     825                      -15.548887
                     826                      -15.786167
                     827                      -15.968941
                     828                      -16.093422
                     829                      -16.156105
                     830                      -16.156211
                     831                      -16.093665
                     832                      -15.970383
                     833                      -15.789369
                     834                      -15.555737
                     835                      -15.276227
                     836                      -14.955008
                     837                      -14.602227
                     838                      -14.222926
                     839                      -13.825737
                     840                      -13.714913
                     841                      -5.9675329
                     842                      -6.2276086
                     843                      -6.4937457
                     844                      -6.7711842
                     845                      -7.0613283
                     846                      -7.3650111
                     847                      -7.6827699
                     848                       -8.015377
                     849                      -8.3624317
                     850                      -8.7248481
                     851                      -9.1029973
                     852                      -9.4956299
                     853                      -9.9023969
                     854                      -10.323471
                     855                      -10.756172
                     856                       -11.20044
                     857                      -11.652953
                     858                      -12.112132
                     859                      -12.574574
                     860                      -13.036409
                     861                      -13.492914
                     862                      -13.940231
                     863                      -14.371758
                     864                      -14.783275
                     865                      -15.167315
                     866                      -15.516482
                     867                      -15.826089
                     868                      -16.089478
                     869                      -16.301198
                     870                       -16.45743
                     871                      -16.554519
                     872                      -16.590851
                     873                      -16.565016
                     874                      -16.478565
                     875                      -16.333902
                     876                      -16.135331
                     877                      -15.887968
                     878                      -15.596912
                     879                      -15.269172
                     880                      -14.918453
                     881                       -14.53105
                     882                      -14.484955
                     883                      -6.1083987
                     884                      -6.3638697
                     885                      -6.6306843
                     886                      -6.9091133
                     887                      -7.2004111
                     888                      -7.5052721
                     889                      -7.8242754
                     890                      -8.1583529
                     891                          -8.507
                     892                      -8.8696254
                     893                      -9.2486567
                     894                      -9.6417671
                     895                      -10.049061
                     896                      -10.470589
                     897                      -10.905361
                     898                      -11.350246
                     899                      -11.804426
                     900                      -12.265093
                     901                      -12.730353
                     902                      -13.195479
                     903                       -13.65752
                     904                       -14.11202
                     905                      -14.552827
                     906                      -14.974915
                     907                      -15.372426
                     908                      -15.739477
                     909                      -16.072127
                     910                      -16.359202
                     911                      -16.598675
                     912                      -16.785341
                     913                      -16.915615
                     914                      -16.986995
                     915                      -16.998049
                     916                      -16.949162
                     917                      -16.842252
                     918                      -16.680403
                     919                      -16.468205
                     920                       -16.20997
                     921                      -15.912735
                     922                      -15.582996
                     923                      -15.228631
                     924                       -15.13858
                     925                      -6.2336188
                     926                      -6.4956075
                     927                       -6.765468
                     928                      -7.0464088
                     929                      -7.3398797
                     930                      -7.6466351
                     931                      -7.9672422
                     932                      -8.3020472
                     933                      -8.6522832
                     934                      -9.0168828
                     935                      -9.3962894
                     936                      -9.7901669
                     937                      -10.198479
                     938                      -10.621325
                     939                      -11.055227
                     940                      -11.500715
                     941                      -11.956092
                     942                      -12.417888
                     943                       -12.88474
                     944                      -13.352756
                     945                        -13.8188
                     946                      -14.278371
                     947                      -14.726805
                     948                      -15.158513
                     949                      -15.567708
                     950                      -15.948893
                     951                      -16.296372
                     952                      -16.604338
                     953                      -16.867453
                     954                      -17.080884
                     955                      -17.241138
                     956                      -17.345197
                     957                      -17.390964
                     958                      -17.378658
                     959                      -17.309107
                     960                      -17.184688
                     961                      -17.008442
                     962                      -16.784999
                     963                      -16.520865
                     964                       -16.22135
                     965                      -15.902349
                     966                      -15.796764
                     967                      -6.3818727
                     968                      -6.6411983
                     969                       -6.913409
                     970                      -7.1968249
                     971                      -7.4925296
                     972                      -7.8015522
                     973                      -8.1243286
                     974                      -8.4611513
                     975                      -8.8127333
                     976                      -9.1788186
                     977                      -9.5595586
                     978                      -9.9547553
                     979                      -10.364033
                     980                      -10.786759
                     981                      -11.221434
                     982                      -11.666819
                     983                      -12.123414
                     984                      -12.587319
                     985                      -13.055121
                     986                      -13.526808
                     987                      -13.996474
                     988                      -14.459881
                     989                       -14.91348
                     990                      -15.352711
                     991                      -15.770771
                     992                      -16.163339
                     993                      -16.524535
                     994                      -16.848343
                     995                      -17.130039
                     996                      -17.365092
                     997                      -17.548768
                     998                      -17.678104
                     999                      -17.751917
                    1000                      -17.769265
                    1001                      -17.729949
                    1002                      -17.636089
                    1003                      -17.491163
                    1004                      -17.297859
                    1005                      -17.060882
                    1006                      -16.787893
                    1007                      -16.486662
                    1008                      -16.431218
                    1009                      -6.4806766
                    1010                      -6.7443657
                    1011                      -7.0157616
                    1012                        -7.29868
                    1013                      -7.5940055
                    1014                      -7.9022721
                    1015                       -8.223682
                    1016                      -8.5599067
                    1017                      -8.9105235
                    1018                      -9.2751559
                    1019                      -9.6538376
                    1020                      -10.046728
                    1021                      -10.453951
                    1022                      -10.874466
                    1023                      -11.306963
                    1024                      -11.750642
                    1025                      -12.204761
                    1026                      -12.666983
                    1027                      -13.133656
                    1028                       -13.60361
                    1029                      -14.072721
                    1030                      -14.537826
                    1031                      -14.994055
                    1032                      -15.438795
                    1033                      -15.864183
                    1034                      -16.266334
                    1035                      -16.640672
                    1036                      -16.981364
                    1037                      -17.282417
                    1038                      -17.541074
                    1039                      -17.751783
                    1040                      -17.911413
                    1041                      -18.018942
                    1042                      -18.070402
                    1043                      -18.066819
                    1044                      -18.009747
                    1045                      -17.900904
                    1046                       -17.74376
                    1047                       -17.54271
                    1048                      -17.303234
                    1049                      -17.030966
                    1050                      -17.070473
                    1051                      -6.5824724
                    1052                      -6.8462918
                    1053                      -7.1189572
                    1054                      -7.4026183
                    1055                      -7.6983424
                    1056                      -8.0065416
                    1057                      -8.3282736
                    1058                      -8.6638699
                    1059                      -9.0133192
                    1060                      -9.3765759
                    1061                      -9.7545362
                    1062                      -10.146287
                    1063                      -10.551627
                    1064                      -10.969846
                    1065                      -11.401215
                    1066                      -11.843202
                    1067                      -12.295405
                    1068                      -12.754948
                    1069                      -13.223444
                    1070                      -13.693473
                    1071                      -14.164312
                    1072                      -14.631859
                    1073                       -15.09302
                    1074                      -15.542924
                    1075                      -15.977037
                    1076                      -16.390729
                    1077                      -16.778974
                    1078                      -17.136737
                    1079                      -17.458823
                    1080                       -17.74086
                    1081                      -17.978483
                    1082                      -18.168307
                    1083                       -18.30772
                    1084                       -18.39499
                    1085                      -18.429341
                    1086                      -18.411302
                    1087                      -18.342513
                    1088                      -18.224829
                    1089                      -18.062316
                    1090                      -17.860088
                    1091                      -17.630454
                    1092                      -17.603806
                    1093                      -6.6822972
                    1094                      -6.9417183
                    1095                      -7.2123744
                    1096                      -7.4945387
                    1097                      -7.7888903
                    1098                      -8.0960262
                    1099                      -8.4163164
                    1100                       -8.750074
                    1101                      -9.0975603
                    1102                      -9.4588369
                    1103                      -9.8336127
                    1104                      -10.222285
                    1105                      -10.624953
                    1106                      -11.040182
                    1107                      -11.467247
                    1108                      -11.904581
                    1109                      -12.353522
                    1110                      -12.810445
                    1111                      -13.272748
                    1112                      -13.740749
                    1113                      -14.208888
                    1114                      -14.675794
                    1115                      -15.138314
                    1116                      -15.589573
                    1117                      -16.027432
                    1118                      -16.447703
                    1119                      -16.844756
                    1120                      -17.215712
                    1121                      -17.552926
                    1122                      -17.852964
                    1123                       -18.11208
                    1124                      -18.325897
                    1125                      -18.493073
                    1126                       -18.61083
                    1127                      -18.678558
                    1128                      -18.695325
                    1129                      -18.662554
                    1130                      -18.582497
                    1131                      -18.457392
                    1132                      -18.291977
                    1133                      -18.090377
                    1134                      -18.108522
                    1135                      -6.7579736
                    1136                      -7.0196322
                    1137                      -7.2911052
                    1138                      -7.5732614
                    1139                      -7.8672171
                    1140                      -8.1735344
                    1141                       -8.492839
                    1142                      -8.8253276
                    1143                      -9.1713945
                    1144                      -9.5313018
                    1145                      -9.9045893
                    1146                      -10.291308
                    1147                      -10.691259
                    1148                      -11.103704
                    1149                      -11.528106
                    1150                      -11.964065
                    1151                      -12.409951
                    1152                      -12.864243
                    1153                      -13.325456
                    1154                      -13.791141
                    1155                      -14.258522
                    1156                      -14.726341
                    1157                      -15.188667
                    1158                       -15.64357
                    1159                      -16.086214
                    1160                      -16.512286
                    1161                      -16.917858
                    1162                      -17.297562
                    1163                      -17.648229
                    1164                      -17.964145
                    1165                      -18.242538
                    1166                      -18.480055
                    1167                      -18.672429
                    1168                      -18.817518
                    1169                      -18.914227
                    1170                      -18.962349
                    1171                      -18.962214
                    1172                      -18.914647
                    1173                      -18.822813
                    1174                      -18.689566
                    1175                      -18.519212
                    1176                      -18.560535
                    1177                      -6.8243998
                    1178                       -7.086202
                    1179                      -7.3571779
                    1180                      -7.6380991
                    1181                      -7.9309792
                    1182                      -8.2367686
                    1183                      -8.5542364
                    1184                      -8.8845436
                    1185                      -9.2285911
                    1186                      -9.5859403
                    1187                      -9.9563844
                    1188                      -10.339953
                    1189                      -10.736501
                    1190                         -11.145
                    1191                      -11.565825
                    1192                      -11.998148
                    1193                       -12.43876
                    1194                      -12.890048
                    1195                      -13.347218
                    1196                      -13.810937
                    1197                      -14.276453
                    1198                      -14.741186
                    1199                       -15.20425
                    1200                       -15.66156
                    1201                      -16.107235
                    1202                      -16.538323
                    1203                      -16.950896
                    1204                      -17.340962
                    1205                      -17.704171
                    1206                      -18.036023
                    1207                      -18.332404
                    1208                      -18.590313
                    1209                      -18.806797
                    1210                      -18.979101
                    1211                      -19.105582
                    1212                      -19.185271
                    1213                      -19.218639
                    1214                       -19.20662
                    1215                      -19.150315
                    1216                      -19.053643
                    1217                      -18.919219
                    1218                      -18.978965
                    1219                      -6.9511153
                    1220                      -7.2138875
                    1221                      -7.4873933
                    1222                      -7.7712954
                    1223                       -8.066569
                    1224                      -8.3737438
                    1225                      -8.6933191
                    1226                      -9.0255722
                    1227                      -9.3707238
                    1228                      -9.7281752
                    1229                      -10.098992
                    1230                      -10.483957
                    1231                      -10.880399
                    1232                      -11.288931
                    1233                       -11.71058
                    1234                       -12.14195
                    1235                      -12.583242
                    1236                      -13.032989
                    1237                      -13.489542
                    1238                      -13.952158
                    1239                      -14.418544
                    1240                       -14.88396
                    1241                       -15.34689
                    1242                      -15.803571
                    1243                      -16.251021
                    1244                      -16.687286
                    1245                      -17.103923
                    1246                      -17.500078
                    1247                      -17.870352
                    1248                      -18.211382
                    1249                      -18.519442
                    1250                      -18.791105
                    1251                      -19.021813
                    1252                      -19.211385
                    1253                      -19.356949
                    1254                      -19.457792
                    1255                      -19.513123
                    1256                      -19.525111
                    1257                      -19.493033
                    1258                      -19.420983
                    1259                      -19.311047
                    1260                      -19.314945
                    1261                      -7.0271431
                    1262                      -7.2885948
                    1263                      -7.5619331
                    1264                       -7.845383
                    1265                      -8.1401153
                    1266                      -8.4468704
                    1267                      -8.7657958
                    1268                      -9.0973651
                    1269                      -9.4416638
                    1270                      -9.7986382
                    1271                      -10.168252
                    1272                      -10.551567
                    1273                       -10.94676
                    1274                      -11.354394
                    1275                      -11.774065
                    1276                      -12.203568
                    1277                      -12.643249
                    1278                      -13.091494
                    1279                      -13.546447
                    1280                       -14.01037
                    1281                       -14.47501
                    1282                      -14.940433
                    1283                      -15.402815
                    1284                      -15.862526
                    1285                      -16.311891
                    1286                      -16.749204
                    1287                      -17.170756
                    1288                      -17.572521
                    1289                      -17.950167
                    1290                      -18.300964
                    1291                       -18.62095
                    1292                      -18.906005
                    1293                      -19.153695
                    1294                      -19.361437
                    1295                      -19.527214
                    1296                      -19.650033
                    1297                      -19.729231
                    1298                      -19.765305
                    1299                      -19.759453
                    1300                      -19.712841
                    1301                      -19.629352
                    1302                      -19.607363
                    1303                      -7.0577273
                    1304                       -7.326102
                    1305                      -7.5973642
                    1306                      -7.8787538
                    1307                      -8.1712735
                    1308                      -8.4754523
                    1309                       -8.791596
                    1310                      -9.1198108
                    1311                       -9.460779
                    1312                      -9.8140563
                    1313                      -10.180163
                    1314                       -10.55887
                    1315                      -10.949521
                    1316                      -11.352319
                    1317                      -11.765845
                    1318                      -12.190398
                    1319                      -12.625027
                    1320                      -13.068509
                    1321                      -13.519284
                    1322                      -13.974481
                    1323                      -14.434405
                    1324                      -14.895523
                    1325                      -15.355839
                    1326                      -15.811045
                    1327                      -16.259854
                    1328                      -16.697853
                    1329                      -17.121886
                    1330                      -17.529303
                    1331                      -17.914418
                    1332                      -18.275311
                    1333                      -18.607627
                    1334                      -18.907898
                    1335                      -19.174045
                    1336                       -19.40301
                    1337                       -19.59319
                    1338                      -19.743448
                    1339                      -19.852409
                    1340                      -19.920447
                    1341                      -19.947389
                    1342                      -19.934857
                    1343                      -19.887105
                    1344                      -19.921042
                    1345                      -7.1331535
                    1346                      -7.3941524
                    1347                      -7.6677704
                    1348                       -7.950963
                    1349                      -8.2449262
                    1350                      -8.5503166
                    1351                      -8.8673543
                    1352                      -9.1967043
                    1353                      -9.5383709
                    1354                      -9.8924196
                    1355                      -10.259553
                    1356                      -10.638628
                    1357                      -11.029548
                    1358                      -11.432191
                    1359                      -11.846018
                    1360                      -12.270551
                    1361                      -12.704654
                    1362                      -13.149293
                    1363                      -13.599847
                    1364                      -14.054842
                    1365                      -14.514342
                    1366                      -14.974949
                    1367                      -15.434298
                    1368                      -15.890628
                    1369                      -16.340405
                    1370                      -16.780059
                    1371                       -17.20664
                    1372                      -17.615861
                    1373                      -18.006169
                    1374                       -18.37265
                    1375                      -18.712319
                    1376                      -19.021933
                    1377                      -19.298562
                    1378                      -19.539719
                    1379                      -19.743279
                    1380                      -19.908628
                    1381                      -20.033578
                    1382                      -20.119198
                    1383                      -20.164517
                    1384                      -20.171523
                    1385                      -20.142191
                    1386                      -20.179765

