        Run ID                S1,1 (Re)/
----------------------------------------------------------------------
                       1                   -0.0049211628
                       2                   -0.0075846883
                       3                     -0.01070585
                       4                    -0.014218031
                       5                    -0.018072941
                       6                    -0.022208141
                       7                    -0.026564063
                       8                    -0.031095013
                       9                    -0.035759719
                      10                    -0.040518995
                      11                    -0.045367373
                      12                    -0.050242141
                      13                     -0.05513924
                      14                       -0.059971
                      15                    -0.064697188
                      16                    -0.069450939
                      17                   -0.0064601254
                      18                   -0.0099403304
                      19                    -0.014003832
                      20                    -0.018559664
                      21                     -0.02349881
                      22                    -0.028740488
                      23                    -0.034235265
                      24                    -0.039897471
                      25                    -0.045681121
                      26                    -0.051516778
                      27                    -0.057382088
                      28                    -0.063230971
                      29                      -0.0691016
                      30                    -0.074920792
                      31                    -0.080662319
                      32                    -0.086677092
                      33                    -0.091706346
                      34                   -0.0087648045
                      35                    -0.018702812
                      36                    -0.024664117
                      37                    -0.031163917
                      38                     -0.03805706
                      39                    -0.045152233
                      40                    -0.052399465
                      41                    -0.059705873
                      42                    -0.067014593
                      43                    -0.074289689
                      44                    -0.081516156
                      45                    -0.088700052
                      46                    -0.095859148
                      47                     -0.10314784
                      48                     -0.10982418
                      49                      -0.1148208
                      50                    -0.011008448
                      51                    -0.016906593
                      52                    -0.023727451
                      53                    -0.031308655
                      54                    -0.039451747
                      55                    -0.048000056
                      56                    -0.056785617
                      57                     -0.06567544
                      58                    -0.074567104
                      59                     -0.08339961
                      60                    -0.092110488
                      61                     -0.10069609
                      62                     -0.10914689
                      63                      -0.1174862
                      64                     -0.12569744
                      65                     -0.13328767
                      66                      -0.1401348
                      67                    -0.013580552
                      68                    -0.020737719
                      69                     -0.02907792
                      70                    -0.038380138
                      71                    -0.048390893
                      72                    -0.058910158
                      73                    -0.069710029
                      74                    -0.080613395
                      75                    -0.091486261
                      76                     -0.10219954
                      77                     -0.11270904
                      78                     -0.12297461
                      79                     -0.13300874
                      80                     -0.14285758
                      81                     -0.15250952
                      82                     -0.16211277
                      83                      -0.1706092
                      84                    -0.015033478
                      85                    -0.023118574
                      86                    -0.032620902
                      87                    -0.043312929
                      88                     -0.05494335
                      89                     -0.06727343
                      90                    -0.080023861
                      91                    -0.092970828
                      92                     -0.10590046
                      93                     -0.11866353
                      94                     -0.13114074
                      95                     -0.14327825
                      96                     -0.15504402
                      97                     -0.16650267
                      98                     -0.17787077
                      99                     -0.18837176
                     100                     -0.19846702
                     101                    -0.015263114
                     102                    -0.023539496
                     103                    -0.033440958
                     104                    -0.044790623
                     105                    -0.057374725
                     106                    -0.070947912
                     107                    -0.085239967
                     108                    -0.099977717
                     109                     -0.11490058
                     110                     -0.12976607
                     111                     -0.14440736
                     112                     -0.15868467
                     113                      -0.1725502
                     114                     -0.18620025
                     115                     -0.22371856
                     116                    -0.014194987
                     117                    -0.022024037
                     118                    -0.031575536
                     119                    -0.042750184
                     120                     -0.05542796
                     121                    -0.069419466
                     122                    -0.084498968
                     123                     -0.10040321
                     124                     -0.11684517
                     125                     -0.13353958
                     126                     -0.15022355
                     127                     -0.16668737
                     128                     -0.18277251
                     129                     -0.19839241
                     130                     -0.24189373
                     131                    -0.012695626
                     132                    -0.019804236
                     133                    -0.028576772
                     134                    -0.038995072
                     135                    -0.050999987
                     136                    -0.064516954
                     137                    -0.079390996
                     138                      -0.0954108
                     139                     -0.11232875
                     140                     -0.12984437
                     141                     -0.14770044
                     142                     -0.16554037
                     143                     -0.18316289
                     144                     -0.20037435
                     145                     -0.21699651
                     146                     -0.23299943
                     147                     -0.24837061
                     148                    -0.010822854
                     149                    -0.016972336
                     150                    -0.024658291
                     151                    -0.033901104
                     152                    -0.044718422
                     153                    -0.057106883
                     154                    -0.070993781
                     155                    -0.086277858
                     156                     -0.10275275
                     157                     -0.12018314
                     158                     -0.13827699
                     159                     -0.22855453
                     160                     -0.24482298
                     161                    -0.008772816
                     162                     -0.01376862
                     163                    -0.020067862
                     164                    -0.027735767
                     165                    -0.036826524
                     166                    -0.047382094
                     167                    -0.059415373
                     168                    -0.072888201
                     169                    -0.087724622
                     170                     -0.10375956
                     171                     -0.12079225
                     172                     -0.13857074
                     173                     -0.15671211
                     174                     -0.17508212
                     175                     -0.19338331
                     176                     -0.21129653
                     177                     -0.22834815

        Run ID                S1,1 (Im)/
----------------------------------------------------------------------
                       1                   -0.0024579091
                       2                   -0.0063620589
                       3                    -0.010993416
                       4                    -0.016258631
                       5                     -0.02208238
                       6                    -0.028385142
                       7                    -0.035084403
                       8                     -0.04210028
                       9                     -0.04935666
                      10                    -0.056785996
                      11                    -0.064317454
                      12                    -0.071903936
                      13                    -0.079485033
                      14                    -0.086988154
                      15                    -0.094368024
                      16                     -0.10164723
                      17                   -0.0028991207
                      18                   -0.0070343917
                      19                    -0.011927006
                      20                    -0.017492075
                      21                    -0.023645872
                      22                    -0.030311788
                      23                    -0.037391263
                      24                    -0.044801603
                      25                    -0.052454623
                      26                    -0.060277751
                      27                    -0.068199813
                      28                    -0.076151441
                      29                    -0.084088339
                      30                    -0.091951854
                      31                     -0.09969488
                      32                     -0.10737742
                      33                     -0.11467557
                      34                   -0.0030663741
                      35                    -0.012266003
                      36                     -0.01792761
                      37                    -0.024230187
                      38                    -0.031093215
                      39                    -0.038425522
                      40                    -0.046125622
                      41                    -0.054104577
                      42                    -0.062272659
                      43                    -0.070548326
                      44                    -0.078860604
                      45                    -0.087143875
                      46                     -0.09534318
                      47                     -0.10343989
                      48                     -0.11132908
                      49                     -0.11889776
                      50                   -0.0023954537
                      51                   -0.0061669843
                      52                    -0.010753989
                      53                    -0.016099781
                      54                    -0.022150149
                      55                    -0.028821014
                      56                    -0.036039652
                      57                     -0.04370798
                      58                    -0.051723822
                      59                    -0.059985519
                      60                    -0.068397357
                      61                    -0.076858801
                      62                    -0.085294361
                      63                    -0.093640742
                      64                     -0.10183393
                      65                     -0.10992207
                      66                     -0.11785587
                      67                  -0.00036928653
                      68                   -0.0031912175
                      69                   -0.0067725868
                      70                    -0.011118364
                      71                    -0.016249897
                      72                    -0.022111156
                      73                    -0.028664128
                      74                    -0.035824551
                      75                    -0.043473544
                      76                    -0.051511439
                      77                    -0.059800833
                      78                    -0.068230186
                      79                    -0.076675865
                      80                    -0.085027822
                      81                    -0.093213377
                      82                     -0.10114087
                      83                     -0.10919951
                      84                    0.0022754889
                      85                   0.00083695707
                      86                   -0.0011943682
                      87                   -0.0039558883
                      88                   -0.0075281513
                      89                    -0.011919903
                      90                    -0.017188507
                      91                    -0.023260759
                      92                    -0.030067567
                      93                    -0.037456116
                      94                    -0.045309394
                      95                    -0.053447941
                      96                    -0.061717919
                      97                    -0.069936011
                      98                    -0.077839815
                      99                    -0.085974534
                     100                    -0.093898041
                     101                    0.0055273565
                     102                    0.0058242586
                     103                     0.005776556
                     104                    0.0051745715
                     105                    0.0038630087
                     106                     0.001682483
                     107                   -0.0014545457
                     108                   -0.0055567198
                     109                    -0.010618255
                     110                    -0.016563849
                     111                    -0.023202258
                     112                    -0.030360989
                     113                    -0.037833709
                     114                    -0.044960937
                     115                    -0.067592223
                     116                    0.0084422939
                     117                     0.010370785
                     118                     0.012303176
                     119                     0.014015812
                     120                     0.015243188
                     121                     0.015773106
                     122                     0.015425777
                     123                     0.014055801
                     124                     0.011601097
                     125                    0.0080809612
                     126                    0.0035950013
                     127                    -0.001671624
                     128                   -0.0075043053
                     129                     -0.01358127
                     130                    -0.031934979
                     131                     0.010254148
                     132                     0.013264197
                     133                     0.016570172
                     134                     0.019944704
                     135                     0.023140812
                     136                     0.025913516
                     137                     0.028011563
                     138                     0.029214364
                     139                     0.029398746
                     140                     0.028469727
                     141                     0.026359206
                     142                     0.023289975
                     143                     0.019361098
                     144                     0.014855753
                     145                     0.010188557
                     146                    0.0054561478
                     147                    0.0008966973
                     148                     0.011359094
                     149                     0.015046461
                     150                     0.019303375
                     151                     0.023919505
                     152                     0.028677436
                     153                     0.033330396
                     154                     0.037637118
                     155                     0.041331876
                     156                     0.044220259
                     157                     0.046130361
                     158                     0.046994192
                     159                     0.038939855
                     160                     0.037274717
                     161                     0.011669884
                     162                     0.015746144
                     163                     0.020567536
                     164                     0.026001961
                     165                     0.031872172
                     166                     0.037995513
                     167                     0.044158051
                     168                     0.050129419
                     169                     0.055685193
                     170                     0.060632201
                     171                     0.064805057
                     172                     0.068098989
                     173                     0.070563074
                     174                     0.072149221
                     175                     0.072925781
                     176                     0.073203729
                     177                     0.073506728

