#
#"Run ID"	"S2,1 [Re]"	"S2,1 [Im]"
#--------------------------------
1.0000000000000	0.99511965737644	-0.0041924592635652
2.0000000000000	0.99350559147986	-0.0045749411534059
3.0000000000000	0.99145427099138	-0.0045658392779162
4.0000000000000	0.98904612272172	-0.0038045544785439
5.0000000000000	0.98671021704283	-0.0019711332277693
6.0000000000000	0.98514523782301	0.00092116028285648
7.0000000000000	0.98492668246747	0.0042261750398910
8.0000000000000	0.98596755528850	0.0071041496371662
9.0000000000000	0.98767439858621	0.0090745736147853
10.000000000000	0.98948337743254	0.010182699362072
11.000000000000	0.99110036638097	0.010689874370322
12.000000000000	0.99254985130788	-0.0081644383246220
13.000000000000	0.99016891305735	-0.0088029145953938
14.000000000000	0.98707188210371	-0.0088832347297450
15.000000000000	0.98340876637272	-0.0078818353262177
16.000000000000	0.97974930357068	-0.0052755400480756
17.000000000000	0.97713818900217	-0.0010308567610215
18.000000000000	0.97649573288747	0.0040086816671796
19.000000000000	0.97784297710063	0.0085389375223719
20.000000000000	0.98034773652006	0.011760187495476
21.000000000000	0.98312514823618	0.013645627257593
22.000000000000	0.98565768843720	0.014535561081048
23.000000000000	0.98937563725023	-0.013012067498105
24.000000000000	0.98596835761221	-0.013927345743843
25.000000000000	0.98161838176332	-0.014025206682618
26.000000000000	0.97648664331442	-0.012615210218956
27.000000000000	0.97136645854091	-0.0089863135805071
28.000000000000	0.96767725001127	-0.0030638595878746
29.000000000000	0.96672771116032	0.0039775882642261
30.000000000000	0.96854757153014	0.010350177771216
31.000000000000	0.97201631264523	0.014927907905746
32.000000000000	0.97589385895011	0.017641858703601
33.000000000000	0.97948269299509	0.018968686596102
34.000000000000	0.98586956620330	-0.018473650518227
35.000000000000	0.98137307224027	-0.019718576892391
36.000000000000	0.97564972464419	-0.019928960422467
37.000000000000	0.96890782778856	-0.018213739344965
38.000000000000	0.96206895343894	-0.013657055118039
39.000000000000	0.95696159522790	-0.0060980407831477
40.000000000000	0.95528680898737	0.0031335746593548
41.000000000000	0.95729094345553	0.011734092394523
42.000000000000	0.96164829618655	0.018111174153656
43.000000000000	0.96675347470866	0.022027412328130
44.000000000000	0.97156714584469	0.024029013852453
45.000000000000	0.98214518215209	-0.024448527062033
46.000000000000	0.97660304838782	-0.026079495462036
47.000000000000	0.96950981755318	-0.026499456462867
48.000000000000	0.96109363299195	-0.024650261217844
49.000000000000	0.95239978887765	-0.019390393849385
50.000000000000	0.94551709763698	-0.010335984843406
51.000000000000	0.94266474168584	0.0011192548740888
52.000000000000	0.94448466445409	0.012220108218747
53.000000000000	0.94954869628382	0.020827659127791
54.000000000000	0.95587210139996	0.026345362035828
55.000000000000	0.96204558937848	0.029342488897228
56.000000000000	0.97848965622904	-0.030914546650880
57.000000000000	0.97200646780541	-0.033000759268525
58.000000000000	0.96369936006932	-0.033828422309224
59.000000000000	0.95366739404095	-0.032211103711967
60.000000000000	0.94294798166945	-0.026747721175359
61.000000000000	0.93378158601068	-0.016689030026672
62.000000000000	0.92890690963469	-0.0031482370767346
63.000000000000	0.92966162764988	0.010822045800279
64.000000000000	0.93491731069198	0.022309247102116
65.000000000000	0.94233124778150	0.030143513268980
66.000000000000	0.94999032058609	0.034695775513749
67.000000000000	0.97381476215218	-0.037922907228542
68.000000000000	0.96604525447027	-0.040403406900485
69.000000000000	0.95612044625525	-0.041350184782151
70.000000000000	0.94423764607338	-0.039384320023026
71.000000000000	0.93159624344256	-0.032999557917809
72.000000000000	0.92072018855922	-0.021347802518889
73.000000000000	0.91466533081634	-0.0056076752822579
74.000000000000	0.91505447943802	0.010882909562136
75.000000000000	0.92079035998200	0.024744172156134
76.000000000000	0.92928551523454	0.034454314459831
77.000000000000	0.93827308562245	0.040290722820284
78.000000000000	0.96989509884459	-0.045180882528290
79.000000000000	0.96118973571684	-0.048191705416901
80.000000000000	0.95009187683869	-0.049666838723472
81.000000000000	0.93668333785008	-0.048173092331564
82.000000000000	0.92200402866253	-0.041953574122699
83.000000000000	0.90858685904245	-0.029795756682130
84.000000000000	0.89990127965723	-0.012474792057887
85.000000000000	0.89830257080766	0.0067681216696560
86.000000000000	0.90333140755290	0.023959871365249
87.000000000000	0.91238814498161	0.036751691130434
88.000000000000	0.92273145915595	0.044955845332947
89.000000000000	0.96542693265908	-0.052723407392106
90.000000000000	0.95564914937143	-0.056216483814548
91.000000000000	0.94322352250352	-0.058056082690077
92.000000000000	0.92819427436369	-0.056733460229506
93.000000000000	0.91159523247601	-0.050350324573333
94.000000000000	0.89600543792280	-0.037494335899044
95.000000000000	0.88512565451189	-0.018641820255779
96.000000000000	0.88182189997561	0.0030137846532987
97.000000000000	0.88613902629274	0.023155902416233
98.000000000000	0.89554807722604	0.038784227536746
99.000000000000	0.90698652961699	0.049271330245300
100.00000000000	0.96072759500372	-0.060422603165657
101.00000000000	0.94990838305706	-0.064334319019183
102.00000000000	0.93620780431227	-0.066504316467151
103.00000000000	0.91967829420824	-0.065339398204116
104.00000000000	0.90131864052790	-0.058860652275151
105.00000000000	0.88370187913047	-0.045471212458647
106.00000000000	0.87065891943184	-0.025404446698303
107.00000000000	0.86548554840837	-0.0016398215595023
108.00000000000	0.86871336528064	0.021247826176748
109.00000000000	0.87808149735458	0.039756102074566
110.00000000000	0.89033390459435	0.052714087464251
111.00000000000	0.95608420985371	-0.068333290487223
112.00000000000	0.94421214650264	-0.072669740608498
113.00000000000	0.92929239557408	-0.075192777293942
114.00000000000	0.91133489533257	-0.074262324325781
115.00000000000	0.89128859958131	-0.067830935156380
116.00000000000	0.87167554517145	-0.054150012797615
117.00000000000	0.85638148321015	-0.033174907462184
118.00000000000	0.84902513678476	-0.0076312467596844
119.00000000000	0.85073367201672	0.017873922970627
120.00000000000	0.85959281230377	0.039325853949520
121.00000000000	0.87229958103031	0.055016025799222
122.00000000000	0.95118979353231	-0.076430606002756
123.00000000000	0.93823865114151	-0.081243760755789
124.00000000000	0.92205691473098	-0.084115546269304
125.00000000000	0.90261907548251	-0.083381372665601
126.00000000000	0.88085975610346	-0.076922543388178
127.00000000000	0.85927479519999	-0.062863195210226
128.00000000000	0.84181979393727	-0.040946161458631
129.00000000000	0.83237276461941	-0.013591875032896
130.00000000000	0.83259913433776	0.014433623707472
131.00000000000	0.84091186244392	0.038755367621434
132.00000000000	0.85398869954688	0.057152096223471
133.00000000000	0.94637696039080	-0.084273226852003
134.00000000000	0.93245977652100	-0.089469553444939
135.00000000000	0.91519448442612	-0.092640871192781
136.00000000000	0.89449919327087	-0.092113294909753
137.00000000000	0.87129053500099	-0.085738808318661
138.00000000000	0.84799162082983	-0.071543730164055
139.00000000000	0.82852344762760	-0.049087104277666
140.00000000000	0.81696774138480	-0.020584736429923
141.00000000000	0.81535008097999	0.0094656840113167
142.00000000000	0.82257705122337	0.036403726484733
143.00000000000	0.83547884596264	0.057489488942518
144.00000000000	0.94166531261969	-0.092173547872102
145.00000000000	0.92679064043893	-0.097788060223925
146.00000000000	0.90839748333985	-0.10130860889242
147.00000000000	0.88640954431751	-0.10101853190155
148.00000000000	0.86170901065492	-0.094732353942896
149.00000000000	0.83669535592771	-0.080430664845744
150.00000000000	0.81525213830865	-0.057471216123952
151.00000000000	0.80159084104876	-0.027810509801287
152.00000000000	0.79812556938036	0.0041533451567048
153.00000000000	0.80417113864717	0.033590159957447
154.00000000000	0.81675690530075	0.057353798562436
155.00000000000	0.93711893527952	-0.099956151460896
156.00000000000	0.92137853788648	-0.10596816784610
157.00000000000	0.90199552551282	-0.10984033164995
158.00000000000	0.87886882070981	-0.10985053043871
159.00000000000	0.85284765280322	-0.10379836775757
160.00000000000	0.82622276751093	-0.089587954696452
161.00000000000	0.80278912020402	-0.066364229228571
162.00000000000	0.78693702413784	-0.035854146805395
163.00000000000	0.78138584846809	-0.0022268532016236
164.00000000000	0.78594720042746	0.029556684106984
165.00000000000	0.79787331701633	0.055956199358895
166.00000000000	0.93269880831498	-0.10765027444237
167.00000000000	0.91624958403670	-0.11404371701996
168.00000000000	0.89597553426260	-0.11830995716068
169.00000000000	0.87179180591527	-0.11869490780032
170.00000000000	0.84449791414532	-0.11298656782223
171.00000000000	0.81629134370173	-0.099019215140938
172.00000000000	0.79093146874151	-0.075789513332668
173.00000000000	0.77279521414144	-0.044665676733983
174.00000000000	0.76498481781139	-0.0096038946656458
175.00000000000	0.76775559644392	0.024397114426661
176.00000000000	0.77870376609105	0.053419152637060
177.00000000000	0.92839253786507	-0.11485216447967
178.00000000000	0.91085237248598	-0.12166565669029
179.00000000000	0.88932892844859	-0.12618753674769
180.00000000000	0.86374602766307	-0.12661276989738
181.00000000000	0.83493714088878	-0.12065550524211
182.00000000000	0.80514883550435	-0.10606777060596
183.00000000000	0.77829441146033	-0.081813984556329
184.00000000000	0.75889270325616	-0.049318740774847
185.00000000000	0.75015877432341	-0.012618008062076
186.00000000000	0.75242104929784	0.023173101350806
187.00000000000	0.76329369932604	0.053949432962387
