#
#"Run ID"	"curve2_Int_e-field (f=9) (1)_1"
#-----------------------------------------
1.0000000000000	1.4758239010654
2.0000000000000	1.3382679641282
3.0000000000000	0.99371398256902
4.0000000000000	0.35160983601614
5.0000000000000	-0.62514733462505
6.0000000000000	-1.8053225738876
7.0000000000000	-2.8922755065386
8.0000000000000	-3.6205459740074
9.0000000000000	-3.9479512459901
10.000000000000	-3.9836415424276
11.000000000000	-3.8596723056436
12.000000000000	1.8358534381554
13.000000000000	1.6851033277164
14.000000000000	1.2923502621263
15.000000000000	0.54773407070104
16.000000000000	-0.60415922416835
17.000000000000	-2.0323066592106
18.000000000000	-3.3969637832581
19.000000000000	-4.3622681397139
20.000000000000	-4.8369984025237
21.000000000000	-4.9344477974029
22.000000000000	-4.8136413924400
23.000000000000	2.1848860015778
24.000000000000	1.9971901239537
25.000000000000	1.5286334656143
26.000000000000	0.64833797142200
27.000000000000	-0.70632564390630
28.000000000000	-2.3898677968616
29.000000000000	-4.0012698912886
30.000000000000	-5.1539611627773
31.000000000000	-5.7341852069908
32.000000000000	-5.8671392971785
33.000000000000	-5.7368354034452
34.000000000000	2.4942637214064
35.000000000000	2.2896425207177
36.000000000000	1.7743375215871
37.000000000000	0.80904782909726
38.000000000000	-0.68599035396333
39.000000000000	-2.5605577248062
40.000000000000	-4.4060739514373
41.000000000000	-5.7773648090814
42.000000000000	-6.5127188659746
43.000000000000	-6.7261501429629
44.000000000000	-6.6186973795992
45.000000000000	2.8355922444371
46.000000000000	2.6329756021699
47.000000000000	2.0941687626466
48.000000000000	1.0745974303244
49.000000000000	-0.52097894054199
50.000000000000	-2.5743075505234
51.000000000000	-4.6687938142023
52.000000000000	-6.3090879890247
53.000000000000	-7.2626000791369
54.000000000000	-7.6081655214297
55.000000000000	-7.5579436665194
56.000000000000	3.1801302490587
57.000000000000	2.9914161790355
58.000000000000	2.4823292807225
59.000000000000	1.4913974555629
60.000000000000	-0.10419743574577
61.000000000000	-2.2421965295848
62.000000000000	-4.5535945354169
63.000000000000	-6.5011047251081
64.000000000000	-7.7518309350274
65.000000000000	-8.3132854973496
66.000000000000	-8.3853333848153
67.000000000000	3.4015875937021
68.000000000000	3.1886080740011
69.000000000000	2.6366946652261
70.000000000000	1.5824938900683
71.000000000000	-0.095265077339640
72.000000000000	-2.3282217602631
73.000000000000	-4.7582775721019
74.000000000000	-6.8466797897801
75.000000000000	-8.2343195846714
76.000000000000	-8.9020528247153
77.000000000000	-9.0395801983031
78.000000000000	3.7293241376859
79.000000000000	3.5570297045042
80.000000000000	3.0520672556925
81.000000000000	2.0570706399307
82.000000000000	0.42938947346815
83.000000000000	-1.8176144139720
84.000000000000	-4.3815746938665
85.000000000000	-6.7376887865061
86.000000000000	-8.4480803046729
87.000000000000	-9.3958913641641
88.000000000000	-9.7256642178135
89.000000000000	3.9720150841646
90.000000000000	3.7932997348894
91.000000000000	3.2911908944344
92.000000000000	2.3018610358659
93.000000000000	0.68030482752979
94.000000000000	-1.5836642093871
95.000000000000	-4.2281201307075
96.000000000000	-6.7480153322799
97.000000000000	-8.6755408962005
98.000000000000	-9.8301529690642
99.000000000000	-10.315276253886
100.00000000000	4.1894152686596
101.00000000000	4.0166534085732
102.00000000000	3.5165391484622
103.00000000000	2.5340153531088
104.00000000000	0.92363622685166
105.00000000000	-1.3395180083613
106.00000000000	-4.0312164751473
107.00000000000	-6.6807457092694
108.00000000000	-8.8027377212134
109.00000000000	-10.165446507302
110.00000000000	-10.822018847169
111.00000000000	4.4153525227362
112.00000000000	4.2401702684770
113.00000000000	3.7422988957465
114.00000000000	2.7711199042129
115.00000000000	1.1816236947175
116.00000000000	-1.0660129632050
117.00000000000	-3.7846543793122
118.00000000000	-6.5409815160086
119.00000000000	-8.8477585581568
120.00000000000	-10.423418067405
121.00000000000	-11.270659025691
122.00000000000	4.6253013196191
123.00000000000	4.4679085206712
124.00000000000	3.9801354943870
125.00000000000	3.0270297949504
126.00000000000	1.4647700666460
127.00000000000	-0.75728004424951
128.00000000000	-3.4810676600084
129.00000000000	-6.3155690229391
130.00000000000	-8.7682929872448
131.00000000000	-10.527324333897
132.00000000000	-11.548338000734
133.00000000000	4.7954657071847
134.00000000000	4.6243605331858
135.00000000000	4.1389083423622
136.00000000000	3.1986310583284
137.00000000000	1.6649714304188
138.00000000000	-0.51973356744706
139.00000000000	-3.2239404044381
140.00000000000	-6.0886267174673
141.00000000000	-8.6512508909980
142.00000000000	-10.574245343973
143.00000000000	-11.768443390075
144.00000000000	4.9554315333150
145.00000000000	4.7922606508967
146.00000000000	4.3146027413160
147.00000000000	3.3906108454426
148.00000000000	1.8845075699423
149.00000000000	-0.26435313917580
150.00000000000	-2.9473892717232
151.00000000000	-5.8385821169410
152.00000000000	-8.4941124326051
153.00000000000	-10.562407600847
154.00000000000	-11.917126968687
155.00000000000	5.1097691232657
156.00000000000	4.9447369006678
157.00000000000	4.4807136166534
158.00000000000	3.5823437329164
159.00000000000	2.1188708895334
160.00000000000	0.022085273511626
161.00000000000	-2.6237298154056
162.00000000000	-5.5202200120164
163.00000000000	-8.2493834275021
164.00000000000	-10.450143423548
165.00000000000	-11.962542645080
166.00000000000	5.2796493261131
167.00000000000	5.1247925198661
168.00000000000	4.6775161984181
169.00000000000	3.8086594390111
170.00000000000	2.3887049844819
171.00000000000	0.34425852012339
172.00000000000	-2.2572724338672
173.00000000000	-5.1560473165276
174.00000000000	-7.9548548259991
175.00000000000	-10.286826775550
176.00000000000	-11.960486387150
177.00000000000	5.4045343892467
178.00000000000	5.2438945665526
179.00000000000	4.7825039927399
180.00000000000	3.8937217629417
181.00000000000	2.4490841979717
182.00000000000	0.37381074380764
183.00000000000	-2.2631109167942
184.00000000000	-5.2017533507314
185.00000000000	-8.0493618437497
186.00000000000	-10.439918133851
187.00000000000	-12.177595031083
